Fetching data for ADC3 Delay=100mS
2051
2049
2049
2049
2049
2050
2049
2049
2048
2050
2048
2050
2047
2048
2049
2049
2049
2049
2048
2049
2050
2049
2049
2050
2050
2049
2049
2049
2050
2049
2050
2049
2051
2048
2049
2049
2049
2049
2048
2049
2048
2048
2050
2048
2047
2049
2049
2049
2049
2049
2047
2049
2049
2048
2049
2048
2050
2048
2047
2048
2049
2048
2050
2048
2049
2048
2046
2048
2049
2048
2048
2048
2048
2048
2048
2048
2048
2049
2048
2050
2048
2047
2049
2050
2048
2048
2047
2048
2048
2050
2050
2048
2048
2050
2049
2048
2048
2050
2049
2050
